id	number_of_trees	number_of_internal_trees	model_size_in_bytes	min_depth	max_depth	mean_depth	min_leaves	max_leaves	mean_leaves	trainingAuc	validAuc	xValidationAuc	testAuc	validMaxF1	validMaxF2
DRF_model_R_1481751746690_1	DRF_model_R_1481751746690_1	15	15	106132	20	20	20	477	671	559.2	0.842514026798871	0.881814621526119	0.868268848545114	0.87358505045854	0.626780626780627	0.72742474916388
DRF_model_R_1481751746690_762	DRF_model_R_1481751746690_10252	13	13	187090	30	30	30	1016	1229	1134.9231	0.962505387613182	0.865574126764199	0.860327048128561	0.864203215532788	0.608764940239044	0.713868613138686
DRF_model_R_1481751746690_9607	DRF_model_R_1481751746690_10941	12	12	118213	30	30	30	649	897	778.0833	0.916649482932763	0.862973630103456	0.850601679337191	0.872510648094854	0.59291395516992	0.709537572254335
DRF_model_R_1481751746690_10252	DRF_model_R_1481751746690_11554	18	18	261082	30	30	30	1016	1244	1143.8334	0.969886568217958	0.872390602609101	0.862543284545453	0.870042880165765	0.614420062695925	0.71343990526939
DRF_model_R_1481751746690_10941	DRF_model_R_1481751746690_12431	50	50	721213	30	30	30	984	1255	1137.12	0.97817523089177	0.88485051223702	0.873936548789463	0.881947642070527	0.627294493216281	0.731497418244406
DRF_model_R_1481751746690_11554	DRF_model_R_1481751746690_14676	100	100	1450242	30	30	30	984	1278	1143.08	0.979285342178457	0.888150828806323	0.877719582852546	0.885065327500863	0.629718875502008	0.73512585812357
DRF_model_R_1481751746690_12431	DRF_model_R_1481751746690_19121	200	200	2914752	30	30	30	964	1322	1148.61	0.980249441813019	0.890282182815064	0.879080691225136	0.887664997505852	0.63391442155309	0.734681737061273
DRF_model_R_1481751746690_14676	DRF_model_R_1481751746690_762	200	200	1392451	20	20	20	410	698	549.92	0.879562870989919	0.891343594886234	0.878886847644841	0.879527838532673	0.638426626323752	0.732946298984035
DRF_model_R_1481751746690_19121	DRF_model_R_1481751746690_9607	12	12	113674	20	20	20	663	837	747.4167	0.930122622388316	0.867561585635408	0.864738286055916	0.860764168681171	0.606508875739645	0.706972883231876
